scRIPTonvm

EQ. 805.
960.

1057.
1107.

1 181.

[qm. 1025.
1098.

jth. 465.
1154.
1157.

1282.
1888.

Pac· 69.
187.

487.

450.

1028.
1198.

faut 874.
488.

Rau. 176.
866.

1281.
ΤῊοωω.284.
814.

ἱᾱωρ. 286.
919.

942·

960.

1094.

Callimachus h. Dian. 27.

Clinias ap. Stob.
Cratinus Γείτοσι
Demosthenen

. p. 13, 6. Reiak. 195 ’

15, 8.
24, 27.
40, 8-
54, 29.
66, 12.
77, 19.
95, 24.
97, 8.
112. 5.
128, 29-

101
106
161
191

42

26
26
88
26
87
182
75
28
195
101
101
44
48
158
158
188
66
105
121
87
44
106
86

67’

166
184
47
96

42
62
62
67
176
87

182 Ecpha'ntes ap. Stob.

62 Epicurus epist.

68 Etym. Μ. 471, 6.
184 Euripides Alc. 58.

1oe

184, 9. 122
192,22. 136
196, 20. 173
204, 23. 133
242, 9. · 50
260, 1. 57
234,17. . 134
293, 12 63
353,22. 70
373, 5. 130
395,14. 63
467, 23. 130
492, 21. 158
525, 15, 61
19 m
554,1. 70
· 569, 27. 68
747,13. 145
749, 2. 136
776, 3. 131
730, 7. 137
, 314,13. 143
849,14. 55

- 360, 3. 131
865, 22. 143
wssss. 73
ῃμ1. ffi8
1017, 21. 62
1055, 2. 117
·nffi‚2 1m
1106, 23. 27
1109, ,7. 70
Μω,9 Q
1225, 21. 131
1229, 22. 55
1352, 27. 135
1374, 24. 45
1ω4ω. ·94
17. 159

1451, 18. 26
1467, 9. 29
450 53· 118

185

144

